2 2 3.358354383496674 0.18472767979082602 4.86260605293 4.64616827236
3 2 0.9249608452847825 0.18472767979082602 16.253968254 15.9567837108
3 3 0.9249608452847825 0.06249047549063501 14.1269524963 15.9567837108
4 2 0.5278445468198042 0.18472767979082602 14.1269524963 13.9833401611
4 3 0.5278445468198042 0.06249047549063501 12.7111981573 15.9567837108
4 4 0.5278445468198042 0.032854627052344015 12.7111981573 13.9833401611
5 2 0.32658767147780515 0.18472767979082602 12.7111981573 12.5942932109
5 3 0.32658767147780515 0.06249047549063501 11.5270603244 15.9567837108
5 4 0.32658767147780515 0.032854627052344015 11.5270603244 13.9833401611
5 5 0.32658767147780515 0.018329365040374863 11.5270603244 12.5942932109
6 2 0.1651375635600582 0.18472767979082602 11.5270603244 11.4446086406
6 3 0.1651375635600582 0.06249047549063501 10.5340160936 15.9567837108
6 4 0.1651375635600582 0.032854627052344015 10.5340160936 13.9833401611
6 5 0.1651375635600582 0.018329365040374863 10.5340160936 12.5942932109
6 6 0.1651375635600582 0.00985493987640895 10.5340160936 11.4446086406
7 2 0.08804820493719327 0.18472767979082602 10.5340160936 10.4696339718
7 3 0.08804820493719327 0.06249047549063501 9.62355766721 15.9567837108
7 4 0.08804820493719327 0.032854627052344015 9.62355766721 13.9833401611
7 5 0.08804820493719327 0.018329365040374863 9.62355766721 12.5942932109
7 6 0.08804820493719327 0.00985493987640895 9.62355766721 11.4446086406
7 7 0.08804820493719327 0.005771834439097802 9.62355766721 10.4696339718
8 2 0.047948766187764315 0.18472767979082602 9.62355766721 9.6079065064
8 3 0.047948766187764315 0.06249047549063501 8.83444051419 15.9567837108
8 4 0.047948766187764315 0.032854627052344015 8.83444051419 13.9833401611
8 5 0.047948766187764315 0.018329365040374863 8.83444051419 12.5942932109
8 6 0.047948766187764315 0.00985493987640895 8.83444051419 11.4446086406
8 7 0.047948766187764315 0.005771834439097802 8.83444051419 10.4696339718
8 8 0.047948766187764315 0.003617043099213134 8.83444051419 9.6079065064
9 2 0.025736647350344005 0.18472767979082602 8.83444051419 8.76754031299
9 3 0.025736647350344005 0.06249047549063501 8.09358204236 15.9567837108
9 4 0.025736647350344005 0.032854627052344015 8.09358204236 13.9833401611
9 5 0.025736647350344005 0.018329365040374863 8.09358204236 12.5942932109
9 6 0.025736647350344005 0.00985493987640895 8.09358204236 11.4446086406
9 7 0.025736647350344005 0.005771834439097802 8.09358204236 10.4696339718
9 8 0.025736647350344005 0.003617043099213134 8.09358204236 9.6079065064
9 9 0.025736647350344005 0.001648361101751814 8.09358204236 8.76754031299
10 2 0.012815905361233317 0.18472767979082602 8.09358204236 8.00027778742
10 3 0.012815905361233317 0.06249047549063501 7.43117934493 15.9567837108
10 4 0.012815905361233317 0.032854627052344015 7.43117934493 13.9833401611
10 5 0.012815905361233317 0.018329365040374863 7.43117934493 12.5942932109
10 6 0.012815905361233317 0.00985493987640895 7.43117934493 11.4446086406
10 7 0.012815905361233317 0.005771834439097802 7.43117934493 10.4696339718
10 8 0.012815905361233317 0.003617043099213134 7.43117934493 9.6079065064
10 9 0.012815905361233317 0.001648361101751814 7.43117934493 8.76754031299
10 10 0.012815905361233317 0.0008594977274526107 7.43117934493 8.00027778742
11 2 0.007191926996764246 0.18472767979082602 7.43117934493 7.3169569843
11 3 0.007191926996764246 0.06249047549063501 6.85969482694 15.9567837108
11 4 0.007191926996764246 0.032854627052344015 6.85969482694 13.9833401611
11 5 0.007191926996764246 0.018329365040374863 6.85969482694 12.5942932109
11 6 0.007191926996764246 0.00985493987640895 6.85969482694 11.4446086406
11 7 0.007191926996764246 0.005771834439097802 6.85969482694 10.4696339718
11 8 0.007191926996764246 0.003617043099213134 6.85969482694 9.6079065064
11 9 0.007191926996764246 0.001648361101751814 6.85969482694 8.76754031299
11 10 0.007191926996764246 0.0008594977274526107 6.85969482694 8.00027778742
11 11 0.007191926996764246 0.00042759362185550604 6.85969482694 7.3169569843
12 2 0.0038524810163152287 0.18472767979082602 6.85969482694 6.73201945974
12 3 0.0038524810163152287 0.06249047549063501 6.35489787756 15.9567837108
12 4 0.0038524810163152287 0.032854627052344015 6.35489787756 13.9833401611
12 5 0.0038524810163152287 0.018329365040374863 6.35489787756 12.5942932109
12 6 0.0038524810163152287 0.00985493987640895 6.35489787756 11.4446086406
12 7 0.0038524810163152287 0.005771834439097802 6.35489787756 10.4696339718
12 8 0.0038524810163152287 0.003617043099213134 6.35489787756 9.6079065064
12 9 0.0038524810163152287 0.001648361101751814 6.35489787756 8.76754031299
12 10 0.0038524810163152287 0.0008594977274526107 6.35489787756 8.00027778742
12 11 0.0038524810163152287 0.00042759362185550604 6.35489787756 7.3169569843
12 12 0.0038524810163152287 0.0002224323694063416 6.35489787756 6.73201945974
13 2 0.0018629926474511233 0.18472767979082602 6.35489787756 6.21698743246
13 3 0.0018629926474511233 0.06249047549063501 5.91015487222 15.9567837108
13 4 0.0018629926474511233 0.032854627052344015 5.91015487222 13.9833401611
13 5 0.0018629926474511233 0.018329365040374863 5.91015487222 12.5942932109
13 6 0.0018629926474511233 0.00985493987640895 5.91015487222 11.4446086406
13 7 0.0018629926474511233 0.005771834439097802 5.91015487222 10.4696339718
13 8 0.0018629926474511233 0.003617043099213134 5.91015487222 9.6079065064
13 9 0.0018629926474511233 0.001648361101751814 5.91015487222 8.76754031299
13 10 0.0018629926474511233 0.0008594977274526107 5.91015487222 8.00027778742
13 11 0.0018629926474511233 0.00042759362185550604 5.91015487222 7.3169569843
13 12 0.0018629926474511233 0.0002224323694063416 5.91015487222 6.73201945974
13 13 0.0018629926474511233 0.00011405571786917708 5.91015487222 6.21698743246
14 2 0.0009316054867323243 0.18472767979082602 5.91015487222 5.76248507169
14 3 0.0009316054867323243 0.06249047549063501 5.52402073905 15.9567837108
14 4 0.0009316054867323243 0.032854627052344015 5.52402073905 13.9833401611
14 5 0.0009316054867323243 0.018329365040374863 5.52402073905 12.5942932109
14 6 0.0009316054867323243 0.00985493987640895 5.52402073905 11.4446086406
14 7 0.0009316054867323243 0.005771834439097802 5.52402073905 10.4696339718
14 8 0.0009316054867323243 0.003617043099213134 5.52402073905 9.6079065064
14 9 0.0009316054867323243 0.001648361101751814 5.52402073905 8.76754031299
14 10 0.0009316054867323243 0.0008594977274526107 5.52402073905 8.00027778742
14 11 0.0009316054867323243 0.00042759362185550604 5.52402073905 7.3169569843
14 12 0.0009316054867323243 0.0002224323694063416 5.52402073905 6.73201945974
14 13 0.0009316054867323243 0.00011405571786917708 5.52402073905 6.21698743246
14 14 0.0009316054867323243 6.120198754623839e-05 5.52402073905 5.76248507169
15 2 0.00047001470779021065 0.18472767979082602 5.52402073905 5.35427947294
15 3 0.00047001470779021065 0.06249047549063501 5.16797604428 15.9567837108
15 4 0.00047001470779021065 0.032854627052344015 5.16797604428 13.9833401611
15 5 0.00047001470779021065 0.018329365040374863 5.16797604428 12.5942932109
15 6 0.00047001470779021065 0.00985493987640895 5.16797604428 11.4446086406
15 7 0.00047001470779021065 0.005771834439097802 5.16797604428 10.4696339718
15 8 0.00047001470779021065 0.003617043099213134 5.16797604428 9.6079065064
15 9 0.00047001470779021065 0.001648361101751814 5.16797604428 8.76754031299
15 10 0.00047001470779021065 0.0008594977274526107 5.16797604428 8.00027778742
15 11 0.00047001470779021065 0.00042759362185550604 5.16797604428 7.3169569843
15 12 0.00047001470779021065 0.0002224323694063416 5.16797604428 6.73201945974
15 13 0.00047001470779021065 0.00011405571786917708 5.16797604428 6.21698743246
15 14 0.00047001470779021065 6.120198754623839e-05 5.16797604428 5.76248507169
15 15 0.00047001470779021065 3.184882574483902e-05 5.16797604428 5.35427947294
16 2 0.00023951532438400968 0.18472767979082602 5.16797604428 4.98517861393
16 3 0.00023951532438400968 0.06249047549063501 4.86260605293 15.9567837108
16 4 0.00023951532438400968 0.032854627052344015 4.86260605293 13.9833401611
16 5 0.00023951532438400968 0.018329365040374863 4.86260605293 12.5942932109
16 6 0.00023951532438400968 0.00985493987640895 4.86260605293 11.4446086406
16 7 0.00023951532438400968 0.005771834439097802 4.86260605293 10.4696339718
16 8 0.00023951532438400968 0.003617043099213134 4.86260605293 9.6079065064
16 9 0.00023951532438400968 0.001648361101751814 4.86260605293 8.76754031299
16 10 0.00023951532438400968 0.0008594977274526107 4.86260605293 8.00027778742
16 11 0.00023951532438400968 0.00042759362185550604 4.86260605293 7.3169569843
16 12 0.00023951532438400968 0.0002224323694063416 4.86260605293 6.73201945974
16 13 0.00023951532438400968 0.00011405571786917708 4.86260605293 6.21698743246
16 14 0.00023951532438400968 6.120198754623839e-05 4.86260605293 5.76248507169
16 15 0.00023951532438400968 3.184882574483902e-05 4.86260605293 5.35427947294
16 16 0.00023951532438400968 1.6093957900499498e-05 4.86260605293 4.98517861393
17 2 0.00012696121860940906 0.18472767979082602 4.86260605293 4.64616827236
17 3 0.00012696121860940906 0.06249047549063501 4.56348322118 15.9567837108
17 4 0.00012696121860940906 0.032854627052344015 4.56348322118 13.9833401611
17 5 0.00012696121860940906 0.018329365040374863 4.56348322118 12.5942932109
17 6 0.00012696121860940906 0.00985493987640895 4.56348322118 11.4446086406
17 7 0.00012696121860940906 0.005771834439097802 4.56348322118 10.4696339718
17 8 0.00012696121860940906 0.003617043099213134 4.56348322118 9.6079065064
17 9 0.00012696121860940906 0.001648361101751814 4.56348322118 8.76754031299
17 10 0.00012696121860940906 0.0008594977274526107 4.56348322118 8.00027778742
17 11 0.00012696121860940906 0.00042759362185550604 4.56348322118 7.3169569843
17 12 0.00012696121860940906 0.0002224323694063416 4.56348322118 6.73201945974
17 13 0.00012696121860940906 0.00011405571786917708 4.56348322118 6.21698743246
17 14 0.00012696121860940906 6.120198754623839e-05 4.56348322118 5.76248507169
17 15 0.00012696121860940906 3.184882574483902e-05 4.56348322118 5.35427947294
17 16 0.00012696121860940906 1.6093957900499498e-05 4.56348322118 4.98517861393
17 17 0.00012696121860940906 9.0172224765482e-06 4.56348322118 4.64616827236
18 2 6.706690884140332e-05 0.18472767979082602 4.56348322118 4.34622676212
18 3 6.706690884140332e-05 0.06249047549063501 4.31147809408 15.9567837108
18 4 6.706690884140332e-05 0.032854627052344015 4.31147809408 13.9833401611
18 5 6.706690884140332e-05 0.018329365040374863 4.31147809408 12.5942932109
18 6 6.706690884140332e-05 0.00985493987640895 4.31147809408 11.4446086406
18 7 6.706690884140332e-05 0.005771834439097802 4.31147809408 10.4696339718
18 8 6.706690884140332e-05 0.003617043099213134 4.31147809408 9.6079065064
18 9 6.706690884140332e-05 0.001648361101751814 4.31147809408 8.76754031299
18 10 6.706690884140332e-05 0.0008594977274526107 4.31147809408 8.00027778742
18 11 6.706690884140332e-05 0.00042759362185550604 4.31147809408 7.3169569843
18 12 6.706690884140332e-05 0.0002224323694063416 4.31147809408 6.73201945974
18 13 6.706690884140332e-05 0.00011405571786917708 4.31147809408 6.21698743246
18 14 6.706690884140332e-05 6.120198754623839e-05 4.31147809408 5.76248507169
18 15 6.706690884140332e-05 3.184882574483902e-05 4.31147809408 5.35427947294
18 16 6.706690884140332e-05 1.6093957900499498e-05 4.31147809408 4.98517861393
18 17 6.706690884140332e-05 9.0172224765482e-06 4.31147809408 4.64616827236
18 18 6.706690884140332e-05 5.7891878987092015e-06 4.31147809408 4.34622676212
19 2 3.8122009149522325e-05 0.18472767979082602 4.31147809408 4.08340496424
19 3 3.8122009149522325e-05 0.06249047549063501 4.00019098134 15.9567837108
19 4 3.8122009149522325e-05 0.032854627052344015 4.00019098134 13.9833401611
19 5 3.8122009149522325e-05 0.018329365040374863 4.00019098134 12.5942932109
19 6 3.8122009149522325e-05 0.00985493987640895 4.00019098134 11.4446086406
19 7 3.8122009149522325e-05 0.005771834439097802 4.00019098134 10.4696339718
19 8 3.8122009149522325e-05 0.003617043099213134 4.00019098134 9.6079065064
19 9 3.8122009149522325e-05 0.001648361101751814 4.00019098134 8.76754031299
19 10 3.8122009149522325e-05 0.0008594977274526107 4.00019098134 8.00027778742
19 11 3.8122009149522325e-05 0.00042759362185550604 4.00019098134 7.3169569843
19 12 3.8122009149522325e-05 0.0002224323694063416 4.00019098134 6.73201945974
19 13 3.8122009149522325e-05 0.00011405571786917708 4.00019098134 6.21698743246
19 14 3.8122009149522325e-05 6.120198754623839e-05 4.00019098134 5.76248507169
19 15 3.8122009149522325e-05 3.184882574483902e-05 4.00019098134 5.35427947294
19 16 3.8122009149522325e-05 1.6093957900499498e-05 4.00019098134 4.98517861393
19 17 3.8122009149522325e-05 9.0172224765482e-06 4.00019098134 4.64616827236
19 18 3.8122009149522325e-05 5.7891878987092015e-06 4.00019098134 4.34622676212
19 19 3.8122009149522325e-05 4.57110746210646e-06 4.00019098134 4.08340496424
20 2 1.7927168219601e-05 0.18472767979082602 4.00019098134 3.85129713827
20 3 1.7927168219601e-05 0.06249047549063501 3.76759930012 15.9567837108
20 4 1.7927168219601e-05 0.032854627052344015 3.76759930012 13.9833401611
20 5 1.7927168219601e-05 0.018329365040374863 3.76759930012 12.5942932109
20 6 1.7927168219601e-05 0.00985493987640895 3.76759930012 11.4446086406
20 7 1.7927168219601e-05 0.005771834439097802 3.76759930012 10.4696339718
20 8 1.7927168219601e-05 0.003617043099213134 3.76759930012 9.6079065064
20 9 1.7927168219601e-05 0.001648361101751814 3.76759930012 8.76754031299
20 10 1.7927168219601e-05 0.0008594977274526107 3.76759930012 8.00027778742
20 11 1.7927168219601e-05 0.00042759362185550604 3.76759930012 7.3169569843
20 12 1.7927168219601e-05 0.0002224323694063416 3.76759930012 6.73201945974
20 13 1.7927168219601e-05 0.00011405571786917708 3.76759930012 6.21698743246
20 14 1.7927168219601e-05 6.120198754623839e-05 3.76759930012 5.76248507169
20 15 1.7927168219601e-05 3.184882574483902e-05 3.76759930012 5.35427947294
20 16 1.7927168219601e-05 1.6093957900499498e-05 3.76759930012 4.98517861393
20 17 1.7927168219601e-05 9.0172224765482e-06 3.76759930012 4.64616827236
20 18 1.7927168219601e-05 5.7891878987092015e-06 3.76759930012 4.34622676212
20 19 1.7927168219601e-05 4.57110746210646e-06 3.76759930012 4.08340496424
20 20 1.7927168219601e-05 4.212120995693752e-06 3.76759930012 3.85129713827
21 2 9.155526515388425e-06 0.18472767979082602 3.76759930012 3.64422898222
21 3 9.155526515388425e-06 0.06249047549063501 3.55643368733 15.9567837108
21 4 9.155526515388425e-06 0.032854627052344015 3.55643368733 13.9833401611
21 5 9.155526515388425e-06 0.018329365040374863 3.55643368733 12.5942932109
21 6 9.155526515388425e-06 0.00985493987640895 3.55643368733 11.4446086406
21 7 9.155526515388425e-06 0.005771834439097802 3.55643368733 10.4696339718
21 8 9.155526515388425e-06 0.003617043099213134 3.55643368733 9.6079065064
21 9 9.155526515388425e-06 0.001648361101751814 3.55643368733 8.76754031299
21 10 9.155526515388425e-06 0.0008594977274526107 3.55643368733 8.00027778742
21 11 9.155526515388425e-06 0.00042759362185550604 3.55643368733 7.3169569843
21 12 9.155526515388425e-06 0.0002224323694063416 3.55643368733 6.73201945974
21 13 9.155526515388425e-06 0.00011405571786917708 3.55643368733 6.21698743246
21 14 9.155526515388425e-06 6.120198754623839e-05 3.55643368733 5.76248507169
21 15 9.155526515388425e-06 3.184882574483902e-05 3.55643368733 5.35427947294
21 16 9.155526515388425e-06 1.6093957900499498e-05 3.55643368733 4.98517861393
21 17 9.155526515388425e-06 9.0172224765482e-06 3.55643368733 4.64616827236
21 18 9.155526515388425e-06 5.7891878987092015e-06 3.55643368733 4.34622676212
21 19 9.155526515388425e-06 4.57110746210646e-06 3.55643368733 4.08340496424
21 20 9.155526515388425e-06 4.212120995693752e-06 3.55643368733 3.85129713827
21 21 9.155526515388425e-06 4.113840978800796e-06 3.55643368733 3.64422898222
22 2 4.464914745306787e-06 0.18472767979082602 3.55643368733 3.45842089463
22 3 4.464914745306787e-06 0.06249047549063501 3.36955408983 15.9567837108
22 4 4.464914745306787e-06 0.032854627052344015 3.36955408983 13.9833401611
22 5 4.464914745306787e-06 0.018329365040374863 3.36955408983 12.5942932109
22 6 4.464914745306787e-06 0.00985493987640895 3.36955408983 11.4446086406
22 7 4.464914745306787e-06 0.005771834439097802 3.36955408983 10.4696339718
22 8 4.464914745306787e-06 0.003617043099213134 3.36955408983 9.6079065064
22 9 4.464914745306787e-06 0.001648361101751814 3.36955408983 8.76754031299
22 10 4.464914745306787e-06 0.0008594977274526107 3.36955408983 8.00027778742
22 11 4.464914745306787e-06 0.00042759362185550604 3.36955408983 7.3169569843
22 12 4.464914745306787e-06 0.0002224323694063416 3.36955408983 6.73201945974
22 13 4.464914745306787e-06 0.00011405571786917708 3.36955408983 6.21698743246
22 14 4.464914745306787e-06 6.120198754623839e-05 3.36955408983 5.76248507169
22 15 4.464914745306787e-06 3.184882574483902e-05 3.36955408983 5.35427947294
22 16 4.464914745306787e-06 1.6093957900499498e-05 3.36955408983 4.98517861393
22 17 4.464914745306787e-06 9.0172224765482e-06 3.36955408983 4.64616827236
22 18 4.464914745306787e-06 5.7891878987092015e-06 3.36955408983 4.34622676212
22 19 4.464914745306787e-06 4.57110746210646e-06 3.36955408983 4.08340496424
22 20 4.464914745306787e-06 4.212120995693752e-06 3.36955408983 3.85129713827
22 21 4.464914745306787e-06 4.113840978800796e-06 3.36955408983 3.64422898222
22 22 4.464914745306787e-06 4.091143299017686e-06 3.36955408983 3.45842089463
23 2 2.1938329769646382e-06 0.18472767979082602 3.36955408983 3.29066466713
23 3 2.1938329769646382e-06 0.06249047549063501 3.20087801862 15.9567837108
23 4 2.1938329769646382e-06 0.032854627052344015 3.20087801862 13.9833401611
23 5 2.1938329769646382e-06 0.018329365040374863 3.20087801862 12.5942932109
23 6 2.1938329769646382e-06 0.00985493987640895 3.20087801862 11.4446086406
23 7 2.1938329769646382e-06 0.005771834439097802 3.20087801862 10.4696339718
23 8 2.1938329769646382e-06 0.003617043099213134 3.20087801862 9.6079065064
23 9 2.1938329769646382e-06 0.001648361101751814 3.20087801862 8.76754031299
23 10 2.1938329769646382e-06 0.0008594977274526107 3.20087801862 8.00027778742
23 11 2.1938329769646382e-06 0.00042759362185550604 3.20087801862 7.3169569843
23 12 2.1938329769646382e-06 0.0002224323694063416 3.20087801862 6.73201945974
23 13 2.1938329769646382e-06 0.00011405571786917708 3.20087801862 6.21698743246
23 14 2.1938329769646382e-06 6.120198754623839e-05 3.20087801862 5.76248507169
23 15 2.1938329769646382e-06 3.184882574483902e-05 3.20087801862 5.35427947294
23 16 2.1938329769646382e-06 1.6093957900499498e-05 3.20087801862 4.98517861393
23 17 2.1938329769646382e-06 9.0172224765482e-06 3.20087801862 4.64616827236
23 18 2.1938329769646382e-06 5.7891878987092015e-06 3.20087801862 4.34622676212
23 19 2.1938329769646382e-06 4.57110746210646e-06 3.20087801862 4.08340496424
23 20 2.1938329769646382e-06 4.212120995693752e-06 3.20087801862 3.85129713827
23 21 2.1938329769646382e-06 4.113840978800796e-06 3.20087801862 3.64422898222
23 22 2.1938329769646382e-06 4.091143299017686e-06 3.20087801862 3.45842089463
23 23 2.1938329769646382e-06 4.086396932954726e-06 3.20087801862 3.29066466713
24 2 1.1047940723429332e-06 0.18472767979082602 3.20087801862 3.13843010387
24 3 1.1047940723429332e-06 0.06249047549063501 3.04849609511 15.9567837108
24 4 1.1047940723429332e-06 0.032854627052344015 3.04849609511 13.9833401611
24 5 1.1047940723429332e-06 0.018329365040374863 3.04849609511 12.5942932109
24 6 1.1047940723429332e-06 0.00985493987640895 3.04849609511 11.4446086406
24 7 1.1047940723429332e-06 0.005771834439097802 3.04849609511 10.4696339718
24 8 1.1047940723429332e-06 0.003617043099213134 3.04849609511 9.6079065064
24 9 1.1047940723429332e-06 0.001648361101751814 3.04849609511 8.76754031299
24 10 1.1047940723429332e-06 0.0008594977274526107 3.04849609511 8.00027778742
24 11 1.1047940723429332e-06 0.00042759362185550604 3.04849609511 7.3169569843
24 12 1.1047940723429332e-06 0.0002224323694063416 3.04849609511 6.73201945974
24 13 1.1047940723429332e-06 0.00011405571786917708 3.04849609511 6.21698743246
24 14 1.1047940723429332e-06 6.120198754623839e-05 3.04849609511 5.76248507169
24 15 1.1047940723429332e-06 3.184882574483902e-05 3.04849609511 5.35427947294
24 16 1.1047940723429332e-06 1.6093957900499498e-05 3.04849609511 4.98517861393
24 17 1.1047940723429332e-06 9.0172224765482e-06 3.04849609511 4.64616827236
24 18 1.1047940723429332e-06 5.7891878987092015e-06 3.04849609511 4.34622676212
24 19 1.1047940723429332e-06 4.57110746210646e-06 3.04849609511 4.08340496424
24 20 1.1047940723429332e-06 4.212120995693752e-06 3.04849609511 3.85129713827
24 21 1.1047940723429332e-06 4.113840978800796e-06 3.04849609511 3.64422898222
24 22 1.1047940723429332e-06 4.091143299017686e-06 3.04849609511 3.45842089463
24 23 1.1047940723429332e-06 4.086396932954726e-06 3.04849609511 3.29066466713
24 24 1.1047940723429332e-06 4.085074622285305e-06 3.04849609511 3.13843010387
25 2 5.505520106623969e-07 0.18472767979082602 3.04849609511 2.99965824206
25 3 5.505520106623969e-07 0.06249047549063501 2.90981652622 15.9567837108
25 4 5.505520106623969e-07 0.032854627052344015 2.90981652622 13.9833401611
25 5 5.505520106623969e-07 0.018329365040374863 2.90981652622 12.5942932109
25 6 5.505520106623969e-07 0.00985493987640895 2.90981652622 11.4446086406
25 7 5.505520106623969e-07 0.005771834439097802 2.90981652622 10.4696339718
25 8 5.505520106623969e-07 0.003617043099213134 2.90981652622 9.6079065064
25 9 5.505520106623969e-07 0.001648361101751814 2.90981652622 8.76754031299
25 10 5.505520106623969e-07 0.0008594977274526107 2.90981652622 8.00027778742
25 11 5.505520106623969e-07 0.00042759362185550604 2.90981652622 7.3169569843
25 12 5.505520106623969e-07 0.0002224323694063416 2.90981652622 6.73201945974
25 13 5.505520106623969e-07 0.00011405571786917708 2.90981652622 6.21698743246
25 14 5.505520106623969e-07 6.120198754623839e-05 2.90981652622 5.76248507169
25 15 5.505520106623969e-07 3.184882574483902e-05 2.90981652622 5.35427947294
25 16 5.505520106623969e-07 1.6093957900499498e-05 2.90981652622 4.98517861393
25 17 5.505520106623969e-07 9.0172224765482e-06 2.90981652622 4.64616827236
25 18 5.505520106623969e-07 5.7891878987092015e-06 2.90981652622 4.34622676212
25 19 5.505520106623969e-07 4.57110746210646e-06 2.90981652622 4.08340496424
25 20 5.505520106623969e-07 4.212120995693752e-06 2.90981652622 3.85129713827
25 21 5.505520106623969e-07 4.113840978800796e-06 2.90981652622 3.64422898222
25 22 5.505520106623969e-07 4.091143299017686e-06 2.90981652622 3.45842089463
25 23 5.505520106623969e-07 4.086396932954726e-06 2.90981652622 3.29066466713
25 24 5.505520106623969e-07 4.085074622285305e-06 2.90981652622 3.13843010387
25 25 5.505520106623969e-07 4.084612675338824e-06 2.90981652622 2.99965824206
26 2 2.81719052948886e-07 0.18472767979082602 2.90981652622 2.87263886291
26 3 2.81719052948886e-07 0.06249047549063501 2.78327258011 15.9567837108
26 4 2.81719052948886e-07 0.032854627052344015 2.78327258011 13.9833401611
26 5 2.81719052948886e-07 0.018329365040374863 2.78327258011 12.5942932109
26 6 2.81719052948886e-07 0.00985493987640895 2.78327258011 11.4446086406
26 7 2.81719052948886e-07 0.005771834439097802 2.78327258011 10.4696339718
26 8 2.81719052948886e-07 0.003617043099213134 2.78327258011 9.6079065064
26 9 2.81719052948886e-07 0.001648361101751814 2.78327258011 8.76754031299
26 10 2.81719052948886e-07 0.0008594977274526107 2.78327258011 8.00027778742
26 11 2.81719052948886e-07 0.00042759362185550604 2.78327258011 7.3169569843
26 12 2.81719052948886e-07 0.0002224323694063416 2.78327258011 6.73201945974
26 13 2.81719052948886e-07 0.00011405571786917708 2.78327258011 6.21698743246
26 14 2.81719052948886e-07 6.120198754623839e-05 2.78327258011 5.76248507169
26 15 2.81719052948886e-07 3.184882574483902e-05 2.78327258011 5.35427947294
26 16 2.81719052948886e-07 1.6093957900499498e-05 2.78327258011 4.98517861393
26 17 2.81719052948886e-07 9.0172224765482e-06 2.78327258011 4.64616827236
26 18 2.81719052948886e-07 5.7891878987092015e-06 2.78327258011 4.34622676212
26 19 2.81719052948886e-07 4.57110746210646e-06 2.78327258011 4.08340496424
26 20 2.81719052948886e-07 4.212120995693752e-06 2.78327258011 3.85129713827
26 21 2.81719052948886e-07 4.113840978800796e-06 2.78327258011 3.64422898222
26 22 2.81719052948886e-07 4.091143299017686e-06 2.78327258011 3.45842089463
26 23 2.81719052948886e-07 4.086396932954726e-06 2.78327258011 3.29066466713
26 24 2.81719052948886e-07 4.085074622285305e-06 2.78327258011 3.13843010387
26 25 2.81719052948886e-07 4.084612675338824e-06 2.78327258011 2.99965824206
26 26 2.81719052948886e-07 4.084535458542388e-06 2.78327258011 2.87263886291
27 2 1.4458371644929113e-07 0.18472767979082602 2.78327258011 2.75593965401
27 3 1.4458371644929113e-07 0.06249047549063501 2.66727637394 15.9567837108
27 4 1.4458371644929113e-07 0.032854627052344015 2.66727637394 13.9833401611
27 5 1.4458371644929113e-07 0.018329365040374863 2.66727637394 12.5942932109
27 6 1.4458371644929113e-07 0.00985493987640895 2.66727637394 11.4446086406
27 7 1.4458371644929113e-07 0.005771834439097802 2.66727637394 10.4696339718
27 8 1.4458371644929113e-07 0.003617043099213134 2.66727637394 9.6079065064
27 9 1.4458371644929113e-07 0.001648361101751814 2.66727637394 8.76754031299
27 10 1.4458371644929113e-07 0.0008594977274526107 2.66727637394 8.00027778742
27 11 1.4458371644929113e-07 0.00042759362185550604 2.66727637394 7.3169569843
27 12 1.4458371644929113e-07 0.0002224323694063416 2.66727637394 6.73201945974
27 13 1.4458371644929113e-07 0.00011405571786917708 2.66727637394 6.21698743246
27 14 1.4458371644929113e-07 6.120198754623839e-05 2.66727637394 5.76248507169
27 15 1.4458371644929113e-07 3.184882574483902e-05 2.66727637394 5.35427947294
27 16 1.4458371644929113e-07 1.6093957900499498e-05 2.66727637394 4.98517861393
27 17 1.4458371644929113e-07 9.0172224765482e-06 2.66727637394 4.64616827236
27 18 1.4458371644929113e-07 5.7891878987092015e-06 2.66727637394 4.34622676212
27 19 1.4458371644929113e-07 4.57110746210646e-06 2.66727637394 4.08340496424
27 20 1.4458371644929113e-07 4.212120995693752e-06 2.66727637394 3.85129713827
27 21 1.4458371644929113e-07 4.113840978800796e-06 2.66727637394 3.64422898222
27 22 1.4458371644929113e-07 4.091143299017686e-06 2.66727637394 3.45842089463
27 23 1.4458371644929113e-07 4.086396932954726e-06 2.66727637394 3.29066466713
27 24 1.4458371644929113e-07 4.085074622285305e-06 2.66727637394 3.13843010387
27 25 1.4458371644929113e-07 4.084612675338824e-06 2.66727637394 2.99965824206
27 26 1.4458371644929113e-07 4.084535458542388e-06 2.66727637394 2.87263886291
27 27 1.4458371644929113e-07 4.084471298878482e-06 2.66727637394 2.75593965401
28 2 7.331262990185395e-08 0.18472767979082602 2.66727637394 2.64835196414
28 3 7.331262990185395e-08 0.06249047549063501 2.56056190108 15.9567837108
28 4 7.331262990185395e-08 0.032854627052344015 2.56056190108 13.9833401611
28 5 7.331262990185395e-08 0.018329365040374863 2.56056190108 12.5942932109
28 6 7.331262990185395e-08 0.00985493987640895 2.56056190108 11.4446086406
28 7 7.331262990185395e-08 0.005771834439097802 2.56056190108 10.4696339718
28 8 7.331262990185395e-08 0.003617043099213134 2.56056190108 9.6079065064
28 9 7.331262990185395e-08 0.001648361101751814 2.56056190108 8.76754031299
28 10 7.331262990185395e-08 0.0008594977274526107 2.56056190108 8.00027778742
28 11 7.331262990185395e-08 0.00042759362185550604 2.56056190108 7.3169569843
28 12 7.331262990185395e-08 0.0002224323694063416 2.56056190108 6.73201945974
28 13 7.331262990185395e-08 0.00011405571786917708 2.56056190108 6.21698743246
28 14 7.331262990185395e-08 6.120198754623839e-05 2.56056190108 5.76248507169
28 15 7.331262990185395e-08 3.184882574483902e-05 2.56056190108 5.35427947294
28 16 7.331262990185395e-08 1.6093957900499498e-05 2.56056190108 4.98517861393
28 17 7.331262990185395e-08 9.0172224765482e-06 2.56056190108 4.64616827236
28 18 7.331262990185395e-08 5.7891878987092015e-06 2.56056190108 4.34622676212
28 19 7.331262990185395e-08 4.57110746210646e-06 2.56056190108 4.08340496424
28 20 7.331262990185395e-08 4.212120995693752e-06 2.56056190108 3.85129713827
28 21 7.331262990185395e-08 4.113840978800796e-06 2.56056190108 3.64422898222
28 22 7.331262990185395e-08 4.091143299017686e-06 2.56056190108 3.45842089463
28 23 7.331262990185395e-08 4.086396932954726e-06 2.56056190108 3.29066466713
28 24 7.331262990185395e-08 4.085074622285305e-06 2.56056190108 3.13843010387
28 25 7.331262990185395e-08 4.084612675338824e-06 2.56056190108 2.99965824206
28 26 7.331262990185395e-08 4.084535458542388e-06 2.56056190108 2.87263886291
28 27 7.331262990185395e-08 4.084471298878482e-06 2.56056190108 2.75593965401
28 28 7.331262990185395e-08 4.084429825489723e-06 2.56056190108 2.64835196414
29 2 3.763604726230259e-08 0.18472767979082602 2.56056190108 2.54884878656
29 3 3.763604726230259e-08 0.06249047549063501 2.46205796629 15.9567837108
29 4 3.763604726230259e-08 0.032854627052344015 2.46205796629 13.9833401611
29 5 3.763604726230259e-08 0.018329365040374863 2.46205796629 12.5942932109
29 6 3.763604726230259e-08 0.00985493987640895 2.46205796629 11.4446086406
29 7 3.763604726230259e-08 0.005771834439097802 2.46205796629 10.4696339718
29 8 3.763604726230259e-08 0.003617043099213134 2.46205796629 9.6079065064
29 9 3.763604726230259e-08 0.001648361101751814 2.46205796629 8.76754031299
29 10 3.763604726230259e-08 0.0008594977274526107 2.46205796629 8.00027778742
29 11 3.763604726230259e-08 0.00042759362185550604 2.46205796629 7.3169569843
29 12 3.763604726230259e-08 0.0002224323694063416 2.46205796629 6.73201945974
29 13 3.763604726230259e-08 0.00011405571786917708 2.46205796629 6.21698743246
29 14 3.763604726230259e-08 6.120198754623839e-05 2.46205796629 5.76248507169
29 15 3.763604726230259e-08 3.184882574483902e-05 2.46205796629 5.35427947294
29 16 3.763604726230259e-08 1.6093957900499498e-05 2.46205796629 4.98517861393
29 17 3.763604726230259e-08 9.0172224765482e-06 2.46205796629 4.64616827236
29 18 3.763604726230259e-08 5.7891878987092015e-06 2.46205796629 4.34622676212
29 19 3.763604726230259e-08 4.57110746210646e-06 2.46205796629 4.08340496424
29 20 3.763604726230259e-08 4.212120995693752e-06 2.46205796629 3.85129713827
29 21 3.763604726230259e-08 4.113840978800796e-06 2.46205796629 3.64422898222
29 22 3.763604726230259e-08 4.091143299017686e-06 2.46205796629 3.45842089463
29 23 3.763604726230259e-08 4.086396932954726e-06 2.46205796629 3.29066466713
29 24 3.763604726230259e-08 4.085074622285305e-06 2.46205796629 3.13843010387
29 25 3.763604726230259e-08 4.084612675338824e-06 2.46205796629 2.99965824206
29 26 3.763604726230259e-08 4.084535458542388e-06 2.46205796629 2.87263886291
29 27 3.763604726230259e-08 4.084471298878482e-06 2.46205796629 2.75593965401
29 28 3.763604726230259e-08 4.084429825489723e-06 2.46205796629 2.64835196414
29 29 3.763604726230259e-08 4.0844098346714076e-06 2.46205796629 2.54884878656
30 2 1.932017191681666e-08 0.18472767979082602 2.46205796629 2.4565518712
30 3 1.932017191681666e-08 0.06249047549063501 2.37085210215 15.9567837108
30 4 1.932017191681666e-08 0.032854627052344015 2.37085210215 13.9833401611
30 5 1.932017191681666e-08 0.018329365040374863 2.37085210215 12.5942932109
30 6 1.932017191681666e-08 0.00985493987640895 2.37085210215 11.4446086406
30 7 1.932017191681666e-08 0.005771834439097802 2.37085210215 10.4696339718
30 8 1.932017191681666e-08 0.003617043099213134 2.37085210215 9.6079065064
30 9 1.932017191681666e-08 0.001648361101751814 2.37085210215 8.76754031299
30 10 1.932017191681666e-08 0.0008594977274526107 2.37085210215 8.00027778742
30 11 1.932017191681666e-08 0.00042759362185550604 2.37085210215 7.3169569843
30 12 1.932017191681666e-08 0.0002224323694063416 2.37085210215 6.73201945974
30 13 1.932017191681666e-08 0.00011405571786917708 2.37085210215 6.21698743246
30 14 1.932017191681666e-08 6.120198754623839e-05 2.37085210215 5.76248507169
30 15 1.932017191681666e-08 3.184882574483902e-05 2.37085210215 5.35427947294
30 16 1.932017191681666e-08 1.6093957900499498e-05 2.37085210215 4.98517861393
30 17 1.932017191681666e-08 9.0172224765482e-06 2.37085210215 4.64616827236
30 18 1.932017191681666e-08 5.7891878987092015e-06 2.37085210215 4.34622676212
30 19 1.932017191681666e-08 4.57110746210646e-06 2.37085210215 4.08340496424
30 20 1.932017191681666e-08 4.212120995693752e-06 2.37085210215 3.85129713827
30 21 1.932017191681666e-08 4.113840978800796e-06 2.37085210215 3.64422898222
30 22 1.932017191681666e-08 4.091143299017686e-06 2.37085210215 3.45842089463
30 23 1.932017191681666e-08 4.086396932954726e-06 2.37085210215 3.29066466713
30 24 1.932017191681666e-08 4.085074622285305e-06 2.37085210215 3.13843010387
30 25 1.932017191681666e-08 4.084612675338824e-06 2.37085210215 2.99965824206
30 26 1.932017191681666e-08 4.084535458542388e-06 2.37085210215 2.87263886291
30 27 1.932017191681666e-08 4.084471298878482e-06 2.37085210215 2.75593965401
30 28 1.932017191681666e-08 4.084429825489723e-06 2.37085210215 2.64835196414
30 29 1.932017191681666e-08 4.0844098346714076e-06 2.37085210215 2.54884878656
30 30 1.932017191681666e-08 4.084403994230436e-06 2.37085210215 2.4565518712
31 2 9.546851557993474e-09 0.18472767979082602 2.37085210215 2.37070573255
31 3 9.546851557993474e-09 0.06249047549063501 2.28616221928 15.9567837108
31 4 9.546851557993474e-09 0.032854627052344015 2.28616221928 13.9833401611
31 5 9.546851557993474e-09 0.018329365040374863 2.28616221928 12.5942932109
31 6 9.546851557993474e-09 0.00985493987640895 2.28616221928 11.4446086406
31 7 9.546851557993474e-09 0.005771834439097802 2.28616221928 10.4696339718
31 8 9.546851557993474e-09 0.003617043099213134 2.28616221928 9.6079065064
31 9 9.546851557993474e-09 0.001648361101751814 2.28616221928 8.76754031299
31 10 9.546851557993474e-09 0.0008594977274526107 2.28616221928 8.00027778742
31 11 9.546851557993474e-09 0.00042759362185550604 2.28616221928 7.3169569843
31 12 9.546851557993474e-09 0.0002224323694063416 2.28616221928 6.73201945974
31 13 9.546851557993474e-09 0.00011405571786917708 2.28616221928 6.21698743246
31 14 9.546851557993474e-09 6.120198754623839e-05 2.28616221928 5.76248507169
31 15 9.546851557993474e-09 3.184882574483902e-05 2.28616221928 5.35427947294
31 16 9.546851557993474e-09 1.6093957900499498e-05 2.28616221928 4.98517861393
31 17 9.546851557993474e-09 9.0172224765482e-06 2.28616221928 4.64616827236
31 18 9.546851557993474e-09 5.7891878987092015e-06 2.28616221928 4.34622676212
31 19 9.546851557993474e-09 4.57110746210646e-06 2.28616221928 4.08340496424
31 20 9.546851557993474e-09 4.212120995693752e-06 2.28616221928 3.85129713827
31 21 9.546851557993474e-09 4.113840978800796e-06 2.28616221928 3.64422898222
31 22 9.546851557993474e-09 4.091143299017686e-06 2.28616221928 3.45842089463
31 23 9.546851557993474e-09 4.086396932954726e-06 2.28616221928 3.29066466713
31 24 9.546851557993474e-09 4.085074622285305e-06 2.28616221928 3.13843010387
31 25 9.546851557993474e-09 4.084612675338824e-06 2.28616221928 2.99965824206
31 26 9.546851557993474e-09 4.084535458542388e-06 2.28616221928 2.87263886291
31 27 9.546851557993474e-09 4.084471298878482e-06 2.28616221928 2.75593965401
31 28 9.546851557993474e-09 4.084429825489723e-06 2.28616221928 2.64835196414
31 29 9.546851557993474e-09 4.0844098346714076e-06 2.28616221928 2.54884878656
31 30 9.546851557993474e-09 4.084403994230436e-06 2.28616221928 2.4565518712
31 31 9.546851557993474e-09 4.084406105185619e-06 2.28616221928 2.37070573255
32 2 4.823677375021335e-09 0.18472767979082602 2.28616221928 2.29065692342
32 3 4.823677375021335e-09 0.06249047549063501 2.20731412312 15.9567837108
32 4 4.823677375021335e-09 0.032854627052344015 2.20731412312 13.9833401611
32 5 4.823677375021335e-09 0.018329365040374863 2.20731412312 12.5942932109
32 6 4.823677375021335e-09 0.00985493987640895 2.20731412312 11.4446086406
32 7 4.823677375021335e-09 0.005771834439097802 2.20731412312 10.4696339718
32 8 4.823677375021335e-09 0.003617043099213134 2.20731412312 9.6079065064
32 9 4.823677375021335e-09 0.001648361101751814 2.20731412312 8.76754031299
32 10 4.823677375021335e-09 0.0008594977274526107 2.20731412312 8.00027778742
32 11 4.823677375021335e-09 0.00042759362185550604 2.20731412312 7.3169569843
32 12 4.823677375021335e-09 0.0002224323694063416 2.20731412312 6.73201945974
32 13 4.823677375021335e-09 0.00011405571786917708 2.20731412312 6.21698743246
32 14 4.823677375021335e-09 6.120198754623839e-05 2.20731412312 5.76248507169
32 15 4.823677375021335e-09 3.184882574483902e-05 2.20731412312 5.35427947294
32 16 4.823677375021335e-09 1.6093957900499498e-05 2.20731412312 4.98517861393
32 17 4.823677375021335e-09 9.0172224765482e-06 2.20731412312 4.64616827236
32 18 4.823677375021335e-09 5.7891878987092015e-06 2.20731412312 4.34622676212
32 19 4.823677375021335e-09 4.57110746210646e-06 2.20731412312 4.08340496424
32 20 4.823677375021335e-09 4.212120995693752e-06 2.20731412312 3.85129713827
32 21 4.823677375021335e-09 4.113840978800796e-06 2.20731412312 3.64422898222
32 22 4.823677375021335e-09 4.091143299017686e-06 2.20731412312 3.45842089463
32 23 4.823677375021335e-09 4.086396932954726e-06 2.20731412312 3.29066466713
32 24 4.823677375021335e-09 4.085074622285305e-06 2.20731412312 3.13843010387
32 25 4.823677375021335e-09 4.084612675338824e-06 2.20731412312 2.99965824206
32 26 4.823677375021335e-09 4.084535458542388e-06 2.20731412312 2.87263886291
32 27 4.823677375021335e-09 4.084471298878482e-06 2.20731412312 2.75593965401
32 28 4.823677375021335e-09 4.084429825489723e-06 2.20731412312 2.64835196414
32 29 4.823677375021335e-09 4.0844098346714076e-06 2.20731412312 2.54884878656
32 30 4.823677375021335e-09 4.084403994230436e-06 2.20731412312 2.4565518712
32 31 4.823677375021335e-09 4.084406105185619e-06 2.20731412312 2.37070573255
32 32 4.823677375021335e-09 4.084406848819504e-06 2.20731412312 2.29065692342
