0.015415
0.030977
0.055482
0.083660
0.020458
0.030769
0.029850
0.044981
0.058842
0.189521
0.053489
0.075538
0.129683
0.097303
0.151953
0.254530
0.116230
0.036020
0.025234
0.035648
0.038454
0.034491
0.036016
0.032216
0.043601
0.034607
0.111889
0.021582
0.075770
0.077926
0.106551
0.095318
0.098260
0.019683
0.099621
-0.005006
0.014722
0.006888
0.022899
0.038573
0.013599
0.013850
0.031351
0.018339
0.068585
0.040243
0.041327
0.007277
0.001848
0.006009
-0.005359
0.003157
0.001363
-0.002144
-0.002034
0.008916
0.013718
0.011057
0.004332
0.005625
0.011991
0.013693
0.016134
0.015077
0.006772
0.005423
0.015178
0.016963
0.013765
0.022444
0.027594
0.031825
0.039524
0.044530
0.048843
0.052829
0.054407
0.043195
0.046149
0.060595
0.067018
0.062818
0.069025
0.055694
0.052586
0.040711
0.046666
0.035035
0.034356
0.038294
0.031982
0.035452
0.033390
0.033298
0.035900
0.034468
0.031883
0.028341
0.027930
0.037104
0.058940
0.053549
0.047032
0.050227
0.041561
0.040723
0.037867
0.038246
0.030078
0.027292
0.032454
0.028086
0.026622
0.024169
0.020623
0.018291
0.015707
0.016763
0.013805
0.013326
0.012603
0.011986
0.009774
0.008219
0.010695
0.000897
-0.003674
0.008067
0.005538
0.013743
0.008994
0.010034
0.013588
0.014578
0.011515
0.005315
0.001335
0.054051
0.061528
0.076732
0.070224
0.049276
0.030374
0.024416
0.007320
0.002904
-0.005821
-0.003246
0.004002
0.003022
0.006958
0.023039
0.013193
0.012935
0.020352
0.033836
0.040033
0.026803
0.024278
0.024775
0.019416
0.017456
0.022216
0.036343
0.029664
0.030398
0.031478
0.028610
0.025372
0.029224
0.027745
0.026177
0.026862
0.025290
0.024488
0.026139
0.022070
0.020134
0.014982
0.012284
0.016069
0.015434
0.019630
0.021060
0.019976
0.020239
0.021283
0.023206
0.030331
0.030426
0.029544
0.030643
0.033419
0.029102
0.032126
0.059930
0.027868
0.029655
0.026374
0.024819
0.031215
0.031792
0.032205
0.018499
0.020665
0.012545
0.010229
-0.003617
0.019888
0.021960
0.020932
0.021868
0.027879
0.006316
0.016975
0.013854
0.018642
0.010413
0.027036
0.031534
0.025877
0.017545
0.018791
0.024793
0.005364
0.004716
0.005129
0.020615
0.005505
0.009261
0.007327
0.087222
0.034815
0.015381
0.009744
0.020315
0.021147
0.033694
0.032676
0.032681
0.026207
0.035215
0.040912
0.035139
0.040319
0.040302
0.041923
0.041393
0.037474
0.045142
0.043442
0.041229
0.048114
0.042225
0.036597
0.050242
0.050203
0.049547
0.089871
0.062116
0.034575
0.016806
0.016395
0.027944
0.028042
0.037683
0.018827
0.029099
0.034426
0.029130
0.040397
0.036147
0.040583
0.039071
0.040523
0.039757
0.034711
0.125444
0.082249
0.083469
0.088588
0.097713
0.102687
0.119585
0.129252
0.195650
0.226373
0.228043
0.232318
0.115720
0.121450
0.137931
0.165091
0.194247
0.227134
0.088417
0.097970
0.105113
0.106621
0.012654
0.009635
0.010811
0.010478
0.009781
0.007988
0.008069
0.012853
0.008654
0.012838
0.014181
0.019943
