3 3 0.9249608452847825 0.03297140859140771 45.9995008735 55.8985867653
4 3 0.5278445468198042 0.03297140859140771 14.1269524963 13.7796982701
4 4 0.5278445468198042 0.0213968237832675 12.7111981573 13.7796982701
5 3 0.32658767147780515 0.03297140859140771 12.7111981573 12.4119540478
5 4 0.32658767147780515 0.0213968237832675 11.5270603244 13.7796982701
5 5 0.32658767147780515 0.012524209126668484 11.5270603244 12.4119540478
6 3 0.1651375635600582 0.03297140859140771 11.5270603244 11.2648511221
6 4 0.1651375635600582 0.0213968237832675 10.5340160936 13.7796982701
6 5 0.1651375635600582 0.012524209126668484 10.5340160936 12.4119540478
6 6 0.1651375635600582 0.006141922824596727 10.5340160936 11.2648511221
7 3 0.08804820493719327 0.03297140859140771 10.5340160936 10.2758513034
7 4 0.08804820493719327 0.0213968237832675 9.62355766721 13.7796982701
7 5 0.08804820493719327 0.012524209126668484 9.62355766721 12.4119540478
7 6 0.08804820493719327 0.006141922824596727 9.62355766721 11.2648511221
7 7 0.08804820493719327 0.0032537392610375413 9.62355766721 10.2758513034
8 3 0.047948766187764315 0.03297140859140771 9.62355766721 9.39104915627
8 4 0.047948766187764315 0.0213968237832675 8.83444051419 13.7796982701
8 5 0.047948766187764315 0.012524209126668484 8.83444051419 12.4119540478
8 6 0.047948766187764315 0.006141922824596727 8.83444051419 11.2648511221
8 7 0.047948766187764315 0.0032537392610375413 8.83444051419 10.2758513034
8 8 0.047948766187764315 0.0017625299240865476 8.83444051419 9.39104915627
9 3 0.025736647350344005 0.03297140859140771 8.83444051419 8.56824098178
9 4 0.025736647350344005 0.0213968237832675 8.09358204236 13.7796982701
9 5 0.025736647350344005 0.012524209126668484 8.09358204236 12.4119540478
9 6 0.025736647350344005 0.006141922824596727 8.09358204236 11.2648511221
9 7 0.025736647350344005 0.0032537392610375413 8.09358204236 10.2758513034
9 8 0.025736647350344005 0.0017625299240865476 8.09358204236 9.39104915627
9 9 0.025736647350344005 0.0008710685466524148 8.09358204236 8.56824098178
10 3 0.012815905361233317 0.03297140859140771 8.09358204236 7.83367050303
10 4 0.012815905361233317 0.0213968237832675 7.43117934493 13.7796982701
10 5 0.012815905361233317 0.012524209126668484 7.43117934493 12.4119540478
10 6 0.012815905361233317 0.006141922824596727 7.43117934493 11.2648511221
10 7 0.012815905361233317 0.0032537392610375413 7.43117934493 10.2758513034
10 8 0.012815905361233317 0.0017625299240865476 7.43117934493 9.39104915627
10 9 0.012815905361233317 0.0008710685466524148 7.43117934493 8.56824098178
10 10 0.012815905361233317 0.00046836510106136955 7.43117934493 7.83367050303
11 3 0.007191926996764246 0.03297140859140771 7.43117934493 7.18859933075
11 4 0.007191926996764246 0.0213968237832675 6.85969482694 13.7796982701
11 5 0.007191926996764246 0.012524209126668484 6.85969482694 12.4119540478
11 6 0.007191926996764246 0.006141922824596727 6.85969482694 11.2648511221
11 7 0.007191926996764246 0.0032537392610375413 6.85969482694 10.2758513034
11 8 0.007191926996764246 0.0017625299240865476 6.85969482694 9.39104915627
11 9 0.007191926996764246 0.0008710685466524148 6.85969482694 8.56824098178
11 10 0.007191926996764246 0.00046836510106136955 6.85969482694 7.83367050303
11 11 0.007191926996764246 0.00024176617847119824 6.85969482694 7.18859933075
12 3 0.0038524810163152287 0.03297140859140771 6.85969482694 6.62211683552
12 4 0.0038524810163152287 0.0213968237832675 6.35489787756 13.7796982701
12 5 0.0038524810163152287 0.012524209126668484 6.35489787756 12.4119540478
12 6 0.0038524810163152287 0.006141922824596727 6.35489787756 11.2648511221
12 7 0.0038524810163152287 0.0032537392610375413 6.35489787756 10.2758513034
12 8 0.0038524810163152287 0.0017625299240865476 6.35489787756 9.39104915627
12 9 0.0038524810163152287 0.0008710685466524148 6.35489787756 8.56824098178
12 10 0.0038524810163152287 0.00046836510106136955 6.35489787756 7.83367050303
12 11 0.0038524810163152287 0.00024176617847119824 6.35489787756 7.18859933075
12 12 0.0038524810163152287 0.0001176570430548 6.35489787756 6.62211683552
13 3 0.0018629926474511233 0.03297140859140771 6.35489787756 6.12904512988
13 4 0.0018629926474511233 0.0213968237832675 5.91015487222 13.7796982701
13 5 0.0018629926474511233 0.012524209126668484 5.91015487222 12.4119540478
13 6 0.0018629926474511233 0.006141922824596727 5.91015487222 11.2648511221
13 7 0.0018629926474511233 0.0032537392610375413 5.91015487222 10.2758513034
13 8 0.0018629926474511233 0.0017625299240865476 5.91015487222 9.39104915627
13 9 0.0018629926474511233 0.0008710685466524148 5.91015487222 8.56824098178
13 10 0.0018629926474511233 0.00046836510106136955 5.91015487222 7.83367050303
13 11 0.0018629926474511233 0.00024176617847119824 5.91015487222 7.18859933075
13 12 0.0018629926474511233 0.0001176570430548 5.91015487222 6.62211683552
13 13 0.0018629926474511233 6.28688042834492e-05 5.91015487222 6.12904512988
14 3 0.0009316054867323243 0.03297140859140771 5.91015487222 5.69539288694
14 4 0.0009316054867323243 0.0213968237832675 5.52402073905 13.7796982701
14 5 0.0009316054867323243 0.012524209126668484 5.52402073905 12.4119540478
14 6 0.0009316054867323243 0.006141922824596727 5.52402073905 11.2648511221
14 7 0.0009316054867323243 0.0032537392610375413 5.52402073905 10.2758513034
14 8 0.0009316054867323243 0.0017625299240865476 5.52402073905 9.39104915627
14 9 0.0009316054867323243 0.0008710685466524148 5.52402073905 8.56824098178
14 10 0.0009316054867323243 0.00046836510106136955 5.52402073905 7.83367050303
14 11 0.0009316054867323243 0.00024176617847119824 5.52402073905 7.18859933075
14 12 0.0009316054867323243 0.0001176570430548 5.52402073905 6.62211683552
14 13 0.0009316054867323243 6.28688042834492e-05 5.52402073905 6.12904512988
14 14 0.0009316054867323243 3.194357090220805e-05 5.52402073905 5.69539288694
15 3 0.00047001470779021065 0.03297140859140771 5.52402073905 5.30481381922
15 4 0.00047001470779021065 0.0213968237832675 5.16797604428 13.7796982701
15 5 0.00047001470779021065 0.012524209126668484 5.16797604428 12.4119540478
15 6 0.00047001470779021065 0.006141922824596727 5.16797604428 11.2648511221
15 7 0.00047001470779021065 0.0032537392610375413 5.16797604428 10.2758513034
15 8 0.00047001470779021065 0.0017625299240865476 5.16797604428 9.39104915627
15 9 0.00047001470779021065 0.0008710685466524148 5.16797604428 8.56824098178
15 10 0.00047001470779021065 0.00046836510106136955 5.16797604428 7.83367050303
15 11 0.00047001470779021065 0.00024176617847119824 5.16797604428 7.18859933075
15 12 0.00047001470779021065 0.0001176570430548 5.16797604428 6.62211683552
15 13 0.00047001470779021065 6.28688042834492e-05 5.16797604428 6.12904512988
15 14 0.00047001470779021065 3.194357090220805e-05 5.16797604428 5.69539288694
15 15 0.00047001470779021065 1.62608650765325e-05 5.16797604428 5.30481381922
16 3 0.00023951532438400968 0.03297140859140771 5.16797604428 4.94805508577
16 4 0.00023951532438400968 0.0213968237832675 4.86260605293 13.7796982701
16 5 0.00023951532438400968 0.012524209126668484 4.86260605293 12.4119540478
16 6 0.00023951532438400968 0.006141922824596727 4.86260605293 11.2648511221
16 7 0.00023951532438400968 0.0032537392610375413 4.86260605293 10.2758513034
16 8 0.00023951532438400968 0.0017625299240865476 4.86260605293 9.39104915627
16 9 0.00023951532438400968 0.0008710685466524148 4.86260605293 8.56824098178
16 10 0.00023951532438400968 0.00046836510106136955 4.86260605293 7.83367050303
16 11 0.00023951532438400968 0.00024176617847119824 4.86260605293 7.18859933075
16 12 0.00023951532438400968 0.0001176570430548 4.86260605293 6.62211683552
16 13 0.00023951532438400968 6.28688042834492e-05 4.86260605293 6.12904512988
16 14 0.00023951532438400968 3.194357090220805e-05 4.86260605293 5.69539288694
16 15 0.00023951532438400968 1.62608650765325e-05 4.86260605293 5.30481381922
16 16 0.00023951532438400968 8.373273954453187e-06 4.86260605293 4.94805508577
17 3 0.00012696121860940906 0.03297140859140771 4.86260605293 4.61781285231
17 4 0.00012696121860940906 0.0213968237832675 4.56348322118 13.7796982701
17 5 0.00012696121860940906 0.012524209126668484 4.56348322118 12.4119540478
17 6 0.00012696121860940906 0.006141922824596727 4.56348322118 11.2648511221
17 7 0.00012696121860940906 0.0032537392610375413 4.56348322118 10.2758513034
17 8 0.00012696121860940906 0.0017625299240865476 4.56348322118 9.39104915627
17 9 0.00012696121860940906 0.0008710685466524148 4.56348322118 8.56824098178
17 10 0.00012696121860940906 0.00046836510106136955 4.56348322118 7.83367050303
17 11 0.00012696121860940906 0.00024176617847119824 4.56348322118 7.18859933075
17 12 0.00012696121860940906 0.0001176570430548 4.56348322118 6.62211683552
17 13 0.00012696121860940906 6.28688042834492e-05 4.56348322118 6.12904512988
17 14 0.00012696121860940906 3.194357090220805e-05 4.56348322118 5.69539288694
17 15 0.00012696121860940906 1.62608650765325e-05 4.56348322118 5.30481381922
17 16 0.00012696121860940906 8.373273954453187e-06 4.56348322118 4.94805508577
17 17 0.00012696121860940906 4.215945174909606e-06 4.56348322118 4.61781285231
18 3 6.706690884140332e-05 0.03297140859140771 4.56348322118 4.3204320432
18 4 6.706690884140332e-05 0.0213968237832675 4.31147809408 13.7796982701
18 5 6.706690884140332e-05 0.012524209126668484 4.31147809408 12.4119540478
18 6 6.706690884140332e-05 0.006141922824596727 4.31147809408 11.2648511221
18 7 6.706690884140332e-05 0.0032537392610375413 4.31147809408 10.2758513034
18 8 6.706690884140332e-05 0.0017625299240865476 4.31147809408 9.39104915627
18 9 6.706690884140332e-05 0.0008710685466524148 4.31147809408 8.56824098178
18 10 6.706690884140332e-05 0.00046836510106136955 4.31147809408 7.83367050303
18 11 6.706690884140332e-05 0.00024176617847119824 4.31147809408 7.18859933075
18 12 6.706690884140332e-05 0.0001176570430548 4.31147809408 6.62211683552
18 13 6.706690884140332e-05 6.28688042834492e-05 4.31147809408 6.12904512988
18 14 6.706690884140332e-05 3.194357090220805e-05 4.31147809408 5.69539288694
18 15 6.706690884140332e-05 1.62608650765325e-05 4.31147809408 5.30481381922
18 16 6.706690884140332e-05 8.373273954453187e-06 4.31147809408 4.94805508577
18 17 6.706690884140332e-05 4.215945174909606e-06 4.31147809408 4.61781285231
18 18 6.706690884140332e-05 2.1580513331931e-06 4.31147809408 4.3204320432
19 3 3.8122009149522325e-05 0.03297140859140771 4.31147809408 4.0538935589
19 4 3.8122009149522325e-05 0.0213968237832675 4.00019098134 13.7796982701
19 5 3.8122009149522325e-05 0.012524209126668484 4.00019098134 12.4119540478
19 6 3.8122009149522325e-05 0.006141922824596727 4.00019098134 11.2648511221
19 7 3.8122009149522325e-05 0.0032537392610375413 4.00019098134 10.2758513034
19 8 3.8122009149522325e-05 0.0017625299240865476 4.00019098134 9.39104915627
19 9 3.8122009149522325e-05 0.0008710685466524148 4.00019098134 8.56824098178
19 10 3.8122009149522325e-05 0.00046836510106136955 4.00019098134 7.83367050303
19 11 3.8122009149522325e-05 0.00024176617847119824 4.00019098134 7.18859933075
19 12 3.8122009149522325e-05 0.0001176570430548 4.00019098134 6.62211683552
19 13 3.8122009149522325e-05 6.28688042834492e-05 4.00019098134 6.12904512988
19 14 3.8122009149522325e-05 3.194357090220805e-05 4.00019098134 5.69539288694
19 15 3.8122009149522325e-05 1.62608650765325e-05 4.00019098134 5.30481381922
19 16 3.8122009149522325e-05 8.373273954453187e-06 4.00019098134 4.94805508577
19 17 3.8122009149522325e-05 4.215945174909606e-06 4.00019098134 4.61781285231
19 18 3.8122009149522325e-05 2.1580513331931e-06 4.00019098134 4.3204320432
19 19 3.8122009149522325e-05 1.1267971223455692e-06 4.00019098134 4.0538935589
20 3 1.7927168219601e-05 0.03297140859140771 4.00019098134 3.8202461439
20 4 1.7927168219601e-05 0.0213968237832675 3.76759930012 13.7796982701
20 5 1.7927168219601e-05 0.012524209126668484 3.76759930012 12.4119540478
20 6 1.7927168219601e-05 0.006141922824596727 3.76759930012 11.2648511221
20 7 1.7927168219601e-05 0.0032537392610375413 3.76759930012 10.2758513034
20 8 1.7927168219601e-05 0.0017625299240865476 3.76759930012 9.39104915627
20 9 1.7927168219601e-05 0.0008710685466524148 3.76759930012 8.56824098178
20 10 1.7927168219601e-05 0.00046836510106136955 3.76759930012 7.83367050303
20 11 1.7927168219601e-05 0.00024176617847119824 3.76759930012 7.18859933075
20 12 1.7927168219601e-05 0.0001176570430548 3.76759930012 6.62211683552
20 13 1.7927168219601e-05 6.28688042834492e-05 3.76759930012 6.12904512988
20 14 1.7927168219601e-05 3.194357090220805e-05 3.76759930012 5.69539288694
20 15 1.7927168219601e-05 1.62608650765325e-05 3.76759930012 5.30481381922
20 16 1.7927168219601e-05 8.373273954453187e-06 3.76759930012 4.94805508577
20 17 1.7927168219601e-05 4.215945174909606e-06 3.76759930012 4.61781285231
20 18 1.7927168219601e-05 2.1580513331931e-06 3.76759930012 4.3204320432
20 19 1.7927168219601e-05 1.1267971223455692e-06 3.76759930012 4.0538935589
20 20 1.7927168219601e-05 6.679356514650857e-07 3.76759930012 3.8202461439
21 3 9.155526515388425e-06 0.03297140859140771 3.76759930012 3.6127575501
21 4 9.155526515388425e-06 0.0213968237832675 3.55643368733 13.7796982701
21 5 9.155526515388425e-06 0.012524209126668484 3.55643368733 12.4119540478
21 6 9.155526515388425e-06 0.006141922824596727 3.55643368733 11.2648511221
21 7 9.155526515388425e-06 0.0032537392610375413 3.55643368733 10.2758513034
21 8 9.155526515388425e-06 0.0017625299240865476 3.55643368733 9.39104915627
21 9 9.155526515388425e-06 0.0008710685466524148 3.55643368733 8.56824098178
21 10 9.155526515388425e-06 0.00046836510106136955 3.55643368733 7.83367050303
21 11 9.155526515388425e-06 0.00024176617847119824 3.55643368733 7.18859933075
21 12 9.155526515388425e-06 0.0001176570430548 3.55643368733 6.62211683552
21 13 9.155526515388425e-06 6.28688042834492e-05 3.55643368733 6.12904512988
21 14 9.155526515388425e-06 3.194357090220805e-05 3.55643368733 5.69539288694
21 15 9.155526515388425e-06 1.62608650765325e-05 3.55643368733 5.30481381922
21 16 9.155526515388425e-06 8.373273954453187e-06 3.55643368733 4.94805508577
21 17 9.155526515388425e-06 4.215945174909606e-06 3.55643368733 4.61781285231
21 18 9.155526515388425e-06 2.1580513331931e-06 3.55643368733 4.3204320432
21 19 9.155526515388425e-06 1.1267971223455692e-06 3.55643368733 4.0538935589
21 20 9.155526515388425e-06 6.679356514650857e-07 3.55643368733 3.8202461439
21 21 9.155526515388425e-06 4.908231680897856e-07 3.55643368733 3.6127575501
22 3 4.464914745306787e-06 0.03297140859140771 3.55643368733 3.42665923034
22 4 4.464914745306787e-06 0.0213968237832675 3.36955408983 13.7796982701
22 5 4.464914745306787e-06 0.012524209126668484 3.36955408983 12.4119540478
22 6 4.464914745306787e-06 0.006141922824596727 3.36955408983 11.2648511221
22 7 4.464914745306787e-06 0.0032537392610375413 3.36955408983 10.2758513034
22 8 4.464914745306787e-06 0.0017625299240865476 3.36955408983 9.39104915627
22 9 4.464914745306787e-06 0.0008710685466524148 3.36955408983 8.56824098178
22 10 4.464914745306787e-06 0.00046836510106136955 3.36955408983 7.83367050303
22 11 4.464914745306787e-06 0.00024176617847119824 3.36955408983 7.18859933075
22 12 4.464914745306787e-06 0.0001176570430548 3.36955408983 6.62211683552
22 13 4.464914745306787e-06 6.28688042834492e-05 3.36955408983 6.12904512988
22 14 4.464914745306787e-06 3.194357090220805e-05 3.36955408983 5.69539288694
22 15 4.464914745306787e-06 1.62608650765325e-05 3.36955408983 5.30481381922
22 16 4.464914745306787e-06 8.373273954453187e-06 3.36955408983 4.94805508577
22 17 4.464914745306787e-06 4.215945174909606e-06 3.36955408983 4.61781285231
22 18 4.464914745306787e-06 2.1580513331931e-06 3.36955408983 4.3204320432
22 19 4.464914745306787e-06 1.1267971223455692e-06 3.36955408983 4.0538935589
22 20 4.464914745306787e-06 6.679356514650857e-07 3.36955408983 3.8202461439
22 21 4.464914745306787e-06 4.908231680897856e-07 3.36955408983 3.6127575501
22 22 4.464914745306787e-06 4.2947761910148815e-07 3.36955408983 3.42665923034
23 3 2.1938329769646382e-06 0.03297140859140771 3.36955408983 3.25881712293
23 4 2.1938329769646382e-06 0.0213968237832675 3.20087801862 13.7796982701
23 5 2.1938329769646382e-06 0.012524209126668484 3.20087801862 12.4119540478
23 6 2.1938329769646382e-06 0.006141922824596727 3.20087801862 11.2648511221
23 7 2.1938329769646382e-06 0.0032537392610375413 3.20087801862 10.2758513034
23 8 2.1938329769646382e-06 0.0017625299240865476 3.20087801862 9.39104915627
23 9 2.1938329769646382e-06 0.0008710685466524148 3.20087801862 8.56824098178
23 10 2.1938329769646382e-06 0.00046836510106136955 3.20087801862 7.83367050303
23 11 2.1938329769646382e-06 0.00024176617847119824 3.20087801862 7.18859933075
23 12 2.1938329769646382e-06 0.0001176570430548 3.20087801862 6.62211683552
23 13 2.1938329769646382e-06 6.28688042834492e-05 3.20087801862 6.12904512988
23 14 2.1938329769646382e-06 3.194357090220805e-05 3.20087801862 5.69539288694
23 15 2.1938329769646382e-06 1.62608650765325e-05 3.20087801862 5.30481381922
23 16 2.1938329769646382e-06 8.373273954453187e-06 3.20087801862 4.94805508577
23 17 2.1938329769646382e-06 4.215945174909606e-06 3.20087801862 4.61781285231
23 18 2.1938329769646382e-06 2.1580513331931e-06 3.20087801862 4.3204320432
23 19 2.1938329769646382e-06 1.1267971223455692e-06 3.20087801862 4.0538935589
23 20 2.1938329769646382e-06 6.679356514650857e-07 3.20087801862 3.8202461439
23 21 2.1938329769646382e-06 4.908231680897856e-07 3.20087801862 3.6127575501
23 22 2.1938329769646382e-06 4.2947761910148815e-07 3.20087801862 3.42665923034
23 23 2.1938329769646382e-06 4.1337773064913824e-07 3.20087801862 3.25881712293
24 3 1.1047940723429332e-06 0.03297140859140771 3.20087801862 3.10667044213
24 4 1.1047940723429332e-06 0.0213968237832675 3.04849609511 13.7796982701
24 5 1.1047940723429332e-06 0.012524209126668484 3.04849609511 12.4119540478
24 6 1.1047940723429332e-06 0.006141922824596727 3.04849609511 11.2648511221
24 7 1.1047940723429332e-06 0.0032537392610375413 3.04849609511 10.2758513034
24 8 1.1047940723429332e-06 0.0017625299240865476 3.04849609511 9.39104915627
24 9 1.1047940723429332e-06 0.0008710685466524148 3.04849609511 8.56824098178
24 10 1.1047940723429332e-06 0.00046836510106136955 3.04849609511 7.83367050303
24 11 1.1047940723429332e-06 0.00024176617847119824 3.04849609511 7.18859933075
24 12 1.1047940723429332e-06 0.0001176570430548 3.04849609511 6.62211683552
24 13 1.1047940723429332e-06 6.28688042834492e-05 3.04849609511 6.12904512988
24 14 1.1047940723429332e-06 3.194357090220805e-05 3.04849609511 5.69539288694
24 15 1.1047940723429332e-06 1.62608650765325e-05 3.04849609511 5.30481381922
24 16 1.1047940723429332e-06 8.373273954453187e-06 3.04849609511 4.94805508577
24 17 1.1047940723429332e-06 4.215945174909606e-06 3.04849609511 4.61781285231
24 18 1.1047940723429332e-06 2.1580513331931e-06 3.04849609511 4.3204320432
24 19 1.1047940723429332e-06 1.1267971223455692e-06 3.04849609511 4.0538935589
24 20 1.1047940723429332e-06 6.679356514650857e-07 3.04849609511 3.8202461439
24 21 1.1047940723429332e-06 4.908231680897856e-07 3.04849609511 3.6127575501
24 22 1.1047940723429332e-06 4.2947761910148815e-07 3.04849609511 3.42665923034
24 23 1.1047940723429332e-06 4.1337773064913824e-07 3.04849609511 3.25881712293
24 24 1.1047940723429332e-06 4.0957886974478317e-07 3.04849609511 3.10667044213
25 3 5.505520106623969e-07 0.03297140859140771 3.04849609511 2.96810638291
25 4 5.505520106623969e-07 0.0213968237832675 2.90981652622 13.7796982701
25 5 5.505520106623969e-07 0.012524209126668484 2.90981652622 12.4119540478
25 6 5.505520106623969e-07 0.006141922824596727 2.90981652622 11.2648511221
25 7 5.505520106623969e-07 0.0032537392610375413 2.90981652622 10.2758513034
25 8 5.505520106623969e-07 0.0017625299240865476 2.90981652622 9.39104915627
25 9 5.505520106623969e-07 0.0008710685466524148 2.90981652622 8.56824098178
25 10 5.505520106623969e-07 0.00046836510106136955 2.90981652622 7.83367050303
25 11 5.505520106623969e-07 0.00024176617847119824 2.90981652622 7.18859933075
25 12 5.505520106623969e-07 0.0001176570430548 2.90981652622 6.62211683552
25 13 5.505520106623969e-07 6.28688042834492e-05 2.90981652622 6.12904512988
25 14 5.505520106623969e-07 3.194357090220805e-05 2.90981652622 5.69539288694
25 15 5.505520106623969e-07 1.62608650765325e-05 2.90981652622 5.30481381922
25 16 5.505520106623969e-07 8.373273954453187e-06 2.90981652622 4.94805508577
25 17 5.505520106623969e-07 4.215945174909606e-06 2.90981652622 4.61781285231
25 18 5.505520106623969e-07 2.1580513331931e-06 2.90981652622 4.3204320432
25 19 5.505520106623969e-07 1.1267971223455692e-06 2.90981652622 4.0538935589
25 20 5.505520106623969e-07 6.679356514650857e-07 2.90981652622 3.8202461439
25 21 5.505520106623969e-07 4.908231680897856e-07 2.90981652622 3.6127575501
25 22 5.505520106623969e-07 4.2947761910148815e-07 2.90981652622 3.42665923034
25 23 5.505520106623969e-07 4.1337773064913824e-07 2.90981652622 3.25881712293
25 24 5.505520106623969e-07 4.0957886974478317e-07 2.90981652622 3.10667044213
25 25 5.505520106623969e-07 4.0881154878442284e-07 2.90981652622 2.96810638291
26 3 2.81719052948886e-07 0.03297140859140771 2.90981652622 2.84136629762
26 4 2.81719052948886e-07 0.0213968237832675 2.78327258011 13.7796982701
26 5 2.81719052948886e-07 0.012524209126668484 2.78327258011 12.4119540478
26 6 2.81719052948886e-07 0.006141922824596727 2.78327258011 11.2648511221
26 7 2.81719052948886e-07 0.0032537392610375413 2.78327258011 10.2758513034
26 8 2.81719052948886e-07 0.0017625299240865476 2.78327258011 9.39104915627
26 9 2.81719052948886e-07 0.0008710685466524148 2.78327258011 8.56824098178
26 10 2.81719052948886e-07 0.00046836510106136955 2.78327258011 7.83367050303
26 11 2.81719052948886e-07 0.00024176617847119824 2.78327258011 7.18859933075
26 12 2.81719052948886e-07 0.0001176570430548 2.78327258011 6.62211683552
26 13 2.81719052948886e-07 6.28688042834492e-05 2.78327258011 6.12904512988
26 14 2.81719052948886e-07 3.194357090220805e-05 2.78327258011 5.69539288694
26 15 2.81719052948886e-07 1.62608650765325e-05 2.78327258011 5.30481381922
26 16 2.81719052948886e-07 8.373273954453187e-06 2.78327258011 4.94805508577
26 17 2.81719052948886e-07 4.215945174909606e-06 2.78327258011 4.61781285231
26 18 2.81719052948886e-07 2.1580513331931e-06 2.78327258011 4.3204320432
26 19 2.81719052948886e-07 1.1267971223455692e-06 2.78327258011 4.0538935589
26 20 2.81719052948886e-07 6.679356514650857e-07 2.78327258011 3.8202461439
26 21 2.81719052948886e-07 4.908231680897856e-07 2.78327258011 3.6127575501
26 22 2.81719052948886e-07 4.2947761910148815e-07 2.78327258011 3.42665923034
26 23 2.81719052948886e-07 4.1337773064913824e-07 2.78327258011 3.25881712293
26 24 2.81719052948886e-07 4.0957886974478317e-07 2.78327258011 3.10667044213
26 25 2.81719052948886e-07 4.0881154878442284e-07 2.78327258011 2.96810638291
26 26 2.81719052948886e-07 4.0854056404797236e-07 2.78327258011 2.84136629762
27 3 1.4458371644929113e-07 0.03297140859140771 2.78327258011 2.72501478415
27 4 1.4458371644929113e-07 0.0213968237832675 2.66727637394 13.7796982701
27 5 1.4458371644929113e-07 0.012524209126668484 2.66727637394 12.4119540478
27 6 1.4458371644929113e-07 0.006141922824596727 2.66727637394 11.2648511221
27 7 1.4458371644929113e-07 0.0032537392610375413 2.66727637394 10.2758513034
27 8 1.4458371644929113e-07 0.0017625299240865476 2.66727637394 9.39104915627
27 9 1.4458371644929113e-07 0.0008710685466524148 2.66727637394 8.56824098178
27 10 1.4458371644929113e-07 0.00046836510106136955 2.66727637394 7.83367050303
27 11 1.4458371644929113e-07 0.00024176617847119824 2.66727637394 7.18859933075
27 12 1.4458371644929113e-07 0.0001176570430548 2.66727637394 6.62211683552
27 13 1.4458371644929113e-07 6.28688042834492e-05 2.66727637394 6.12904512988
27 14 1.4458371644929113e-07 3.194357090220805e-05 2.66727637394 5.69539288694
27 15 1.4458371644929113e-07 1.62608650765325e-05 2.66727637394 5.30481381922
27 16 1.4458371644929113e-07 8.373273954453187e-06 2.66727637394 4.94805508577
27 17 1.4458371644929113e-07 4.215945174909606e-06 2.66727637394 4.61781285231
27 18 1.4458371644929113e-07 2.1580513331931e-06 2.66727637394 4.3204320432
27 19 1.4458371644929113e-07 1.1267971223455692e-06 2.66727637394 4.0538935589
27 20 1.4458371644929113e-07 6.679356514650857e-07 2.66727637394 3.8202461439
27 21 1.4458371644929113e-07 4.908231680897856e-07 2.66727637394 3.6127575501
27 22 1.4458371644929113e-07 4.2947761910148815e-07 2.66727637394 3.42665923034
27 23 1.4458371644929113e-07 4.1337773064913824e-07 2.66727637394 3.25881712293
27 24 1.4458371644929113e-07 4.0957886974478317e-07 2.66727637394 3.10667044213
27 25 1.4458371644929113e-07 4.0881154878442284e-07 2.66727637394 2.96810638291
27 26 1.4458371644929113e-07 4.0854056404797236e-07 2.66727637394 2.84136629762
27 27 1.4458371644929113e-07 4.084823846732863e-07 2.66727637394 2.72501478415
28 3 7.331262990185395e-08 0.03297140859140771 2.66727637394 2.6178174061
28 4 7.331262990185395e-08 0.0213968237832675 2.56056190108 13.7796982701
28 5 7.331262990185395e-08 0.012524209126668484 2.56056190108 12.4119540478
28 6 7.331262990185395e-08 0.006141922824596727 2.56056190108 11.2648511221
28 7 7.331262990185395e-08 0.0032537392610375413 2.56056190108 10.2758513034
28 8 7.331262990185395e-08 0.0017625299240865476 2.56056190108 9.39104915627
28 9 7.331262990185395e-08 0.0008710685466524148 2.56056190108 8.56824098178
28 10 7.331262990185395e-08 0.00046836510106136955 2.56056190108 7.83367050303
28 11 7.331262990185395e-08 0.00024176617847119824 2.56056190108 7.18859933075
28 12 7.331262990185395e-08 0.0001176570430548 2.56056190108 6.62211683552
28 13 7.331262990185395e-08 6.28688042834492e-05 2.56056190108 6.12904512988
28 14 7.331262990185395e-08 3.194357090220805e-05 2.56056190108 5.69539288694
28 15 7.331262990185395e-08 1.62608650765325e-05 2.56056190108 5.30481381922
28 16 7.331262990185395e-08 8.373273954453187e-06 2.56056190108 4.94805508577
28 17 7.331262990185395e-08 4.215945174909606e-06 2.56056190108 4.61781285231
28 18 7.331262990185395e-08 2.1580513331931e-06 2.56056190108 4.3204320432
28 19 7.331262990185395e-08 1.1267971223455692e-06 2.56056190108 4.0538935589
28 20 7.331262990185395e-08 6.679356514650857e-07 2.56056190108 3.8202461439
28 21 7.331262990185395e-08 4.908231680897856e-07 2.56056190108 3.6127575501
28 22 7.331262990185395e-08 4.2947761910148815e-07 2.56056190108 3.42665923034
28 23 7.331262990185395e-08 4.1337773064913824e-07 2.56056190108 3.25881712293
28 24 7.331262990185395e-08 4.0957886974478317e-07 2.56056190108 3.10667044213
28 25 7.331262990185395e-08 4.0881154878442284e-07 2.56056190108 2.96810638291
28 26 7.331262990185395e-08 4.0854056404797236e-07 2.56056190108 2.84136629762
28 27 7.331262990185395e-08 4.084823846732863e-07 2.56056190108 2.72501478415
28 28 7.331262990185395e-08 4.084556799284368e-07 2.56056190108 2.6178174061
29 3 3.763604726230259e-08 0.03297140859140771 2.56056190108 2.51872784566
29 4 3.763604726230259e-08 0.0213968237832675 2.46205796629 13.7796982701
29 5 3.763604726230259e-08 0.012524209126668484 2.46205796629 12.4119540478
29 6 3.763604726230259e-08 0.006141922824596727 2.46205796629 11.2648511221
29 7 3.763604726230259e-08 0.0032537392610375413 2.46205796629 10.2758513034
29 8 3.763604726230259e-08 0.0017625299240865476 2.46205796629 9.39104915627
29 9 3.763604726230259e-08 0.0008710685466524148 2.46205796629 8.56824098178
29 10 3.763604726230259e-08 0.00046836510106136955 2.46205796629 7.83367050303
29 11 3.763604726230259e-08 0.00024176617847119824 2.46205796629 7.18859933075
29 12 3.763604726230259e-08 0.0001176570430548 2.46205796629 6.62211683552
29 13 3.763604726230259e-08 6.28688042834492e-05 2.46205796629 6.12904512988
29 14 3.763604726230259e-08 3.194357090220805e-05 2.46205796629 5.69539288694
29 15 3.763604726230259e-08 1.62608650765325e-05 2.46205796629 5.30481381922
29 16 3.763604726230259e-08 8.373273954453187e-06 2.46205796629 4.94805508577
29 17 3.763604726230259e-08 4.215945174909606e-06 2.46205796629 4.61781285231
29 18 3.763604726230259e-08 2.1580513331931e-06 2.46205796629 4.3204320432
29 19 3.763604726230259e-08 1.1267971223455692e-06 2.46205796629 4.0538935589
29 20 3.763604726230259e-08 6.679356514650857e-07 2.46205796629 3.8202461439
29 21 3.763604726230259e-08 4.908231680897856e-07 2.46205796629 3.6127575501
29 22 3.763604726230259e-08 4.2947761910148815e-07 2.46205796629 3.42665923034
29 23 3.763604726230259e-08 4.1337773064913824e-07 2.46205796629 3.25881712293
29 24 3.763604726230259e-08 4.0957886974478317e-07 2.46205796629 3.10667044213
29 25 3.763604726230259e-08 4.0881154878442284e-07 2.46205796629 2.96810638291
29 26 3.763604726230259e-08 4.0854056404797236e-07 2.46205796629 2.84136629762
29 27 3.763604726230259e-08 4.084823846732863e-07 2.46205796629 2.72501478415
29 28 3.763604726230259e-08 4.084556799284368e-07 2.46205796629 2.6178174061
29 29 3.763604726230259e-08 4.084572565096342e-07 2.46205796629 2.51872784566
30 3 1.932017191681666e-08 0.03297140859140771 2.46205796629 2.42687255759
30 4 1.932017191681666e-08 0.0213968237832675 2.37085210215 13.7796982701
30 5 1.932017191681666e-08 0.012524209126668484 2.37085210215 12.4119540478
30 6 1.932017191681666e-08 0.006141922824596727 2.37085210215 11.2648511221
30 7 1.932017191681666e-08 0.0032537392610375413 2.37085210215 10.2758513034
30 8 1.932017191681666e-08 0.0017625299240865476 2.37085210215 9.39104915627
30 9 1.932017191681666e-08 0.0008710685466524148 2.37085210215 8.56824098178
30 10 1.932017191681666e-08 0.00046836510106136955 2.37085210215 7.83367050303
30 11 1.932017191681666e-08 0.00024176617847119824 2.37085210215 7.18859933075
30 12 1.932017191681666e-08 0.0001176570430548 2.37085210215 6.62211683552
30 13 1.932017191681666e-08 6.28688042834492e-05 2.37085210215 6.12904512988
30 14 1.932017191681666e-08 3.194357090220805e-05 2.37085210215 5.69539288694
30 15 1.932017191681666e-08 1.62608650765325e-05 2.37085210215 5.30481381922
30 16 1.932017191681666e-08 8.373273954453187e-06 2.37085210215 4.94805508577
30 17 1.932017191681666e-08 4.215945174909606e-06 2.37085210215 4.61781285231
30 18 1.932017191681666e-08 2.1580513331931e-06 2.37085210215 4.3204320432
30 19 1.932017191681666e-08 1.1267971223455692e-06 2.37085210215 4.0538935589
30 20 1.932017191681666e-08 6.679356514650857e-07 2.37085210215 3.8202461439
30 21 1.932017191681666e-08 4.908231680897856e-07 2.37085210215 3.6127575501
30 22 1.932017191681666e-08 4.2947761910148815e-07 2.37085210215 3.42665923034
30 23 1.932017191681666e-08 4.1337773064913824e-07 2.37085210215 3.25881712293
30 24 1.932017191681666e-08 4.0957886974478317e-07 2.37085210215 3.10667044213
30 25 1.932017191681666e-08 4.0881154878442284e-07 2.37085210215 2.96810638291
30 26 1.932017191681666e-08 4.0854056404797236e-07 2.37085210215 2.84136629762
30 27 1.932017191681666e-08 4.084823846732863e-07 2.37085210215 2.72501478415
30 28 1.932017191681666e-08 4.084556799284368e-07 2.37085210215 2.6178174061
30 29 1.932017191681666e-08 4.084572565096342e-07 2.37085210215 2.51872784566
30 30 1.932017191681666e-08 4.0845761825144415e-07 2.37085210215 2.42687255759
31 3 9.546851557993474e-09 0.03297140859140771 2.37085210215 2.34147531237
31 4 9.546851557993474e-09 0.0213968237832675 2.28616221928 13.7796982701
31 5 9.546851557993474e-09 0.012524209126668484 2.28616221928 12.4119540478
31 6 9.546851557993474e-09 0.006141922824596727 2.28616221928 11.2648511221
31 7 9.546851557993474e-09 0.0032537392610375413 2.28616221928 10.2758513034
31 8 9.546851557993474e-09 0.0017625299240865476 2.28616221928 9.39104915627
31 9 9.546851557993474e-09 0.0008710685466524148 2.28616221928 8.56824098178
31 10 9.546851557993474e-09 0.00046836510106136955 2.28616221928 7.83367050303
31 11 9.546851557993474e-09 0.00024176617847119824 2.28616221928 7.18859933075
31 12 9.546851557993474e-09 0.0001176570430548 2.28616221928 6.62211683552
31 13 9.546851557993474e-09 6.28688042834492e-05 2.28616221928 6.12904512988
31 14 9.546851557993474e-09 3.194357090220805e-05 2.28616221928 5.69539288694
31 15 9.546851557993474e-09 1.62608650765325e-05 2.28616221928 5.30481381922
31 16 9.546851557993474e-09 8.373273954453187e-06 2.28616221928 4.94805508577
31 17 9.546851557993474e-09 4.215945174909606e-06 2.28616221928 4.61781285231
31 18 9.546851557993474e-09 2.1580513331931e-06 2.28616221928 4.3204320432
31 19 9.546851557993474e-09 1.1267971223455692e-06 2.28616221928 4.0538935589
31 20 9.546851557993474e-09 6.679356514650857e-07 2.28616221928 3.8202461439
31 21 9.546851557993474e-09 4.908231680897856e-07 2.28616221928 3.6127575501
31 22 9.546851557993474e-09 4.2947761910148815e-07 2.28616221928 3.42665923034
31 23 9.546851557993474e-09 4.1337773064913824e-07 2.28616221928 3.25881712293
31 24 9.546851557993474e-09 4.0957886974478317e-07 2.28616221928 3.10667044213
31 25 9.546851557993474e-09 4.0881154878442284e-07 2.28616221928 2.96810638291
31 26 9.546851557993474e-09 4.0854056404797236e-07 2.28616221928 2.84136629762
31 27 9.546851557993474e-09 4.084823846732863e-07 2.28616221928 2.72501478415
31 28 9.546851557993474e-09 4.084556799284368e-07 2.28616221928 2.6178174061
31 29 9.546851557993474e-09 4.084572565096342e-07 2.28616221928 2.51872784566
31 30 9.546851557993474e-09 4.0845761825144415e-07 2.28616221928 2.42687255759
31 31 9.546851557993474e-09 4.0845960700505673e-07 2.28616221928 2.34147531237
32 3 4.823677375021335e-09 0.03297140859140771 2.28616221928 2.2618892764
32 4 4.823677375021335e-09 0.0213968237832675 2.20731412312 13.7796982701
32 5 4.823677375021335e-09 0.012524209126668484 2.20731412312 12.4119540478
32 6 4.823677375021335e-09 0.006141922824596727 2.20731412312 11.2648511221
32 7 4.823677375021335e-09 0.0032537392610375413 2.20731412312 10.2758513034
32 8 4.823677375021335e-09 0.0017625299240865476 2.20731412312 9.39104915627
32 9 4.823677375021335e-09 0.0008710685466524148 2.20731412312 8.56824098178
32 10 4.823677375021335e-09 0.00046836510106136955 2.20731412312 7.83367050303
32 11 4.823677375021335e-09 0.00024176617847119824 2.20731412312 7.18859933075
32 12 4.823677375021335e-09 0.0001176570430548 2.20731412312 6.62211683552
32 13 4.823677375021335e-09 6.28688042834492e-05 2.20731412312 6.12904512988
32 14 4.823677375021335e-09 3.194357090220805e-05 2.20731412312 5.69539288694
32 15 4.823677375021335e-09 1.62608650765325e-05 2.20731412312 5.30481381922
32 16 4.823677375021335e-09 8.373273954453187e-06 2.20731412312 4.94805508577
32 17 4.823677375021335e-09 4.215945174909606e-06 2.20731412312 4.61781285231
32 18 4.823677375021335e-09 2.1580513331931e-06 2.20731412312 4.3204320432
32 19 4.823677375021335e-09 1.1267971223455692e-06 2.20731412312 4.0538935589
32 20 4.823677375021335e-09 6.679356514650857e-07 2.20731412312 3.8202461439
32 21 4.823677375021335e-09 4.908231680897856e-07 2.20731412312 3.6127575501
32 22 4.823677375021335e-09 4.2947761910148815e-07 2.20731412312 3.42665923034
32 23 4.823677375021335e-09 4.1337773064913824e-07 2.20731412312 3.25881712293
32 24 4.823677375021335e-09 4.0957886974478317e-07 2.20731412312 3.10667044213
32 25 4.823677375021335e-09 4.0881154878442284e-07 2.20731412312 2.96810638291
32 26 4.823677375021335e-09 4.0854056404797236e-07 2.20731412312 2.84136629762
32 27 4.823677375021335e-09 4.084823846732863e-07 2.20731412312 2.72501478415
32 28 4.823677375021335e-09 4.084556799284368e-07 2.20731412312 2.6178174061
32 29 4.823677375021335e-09 4.084572565096342e-07 2.20731412312 2.51872784566
32 30 4.823677375021335e-09 4.0845761825144415e-07 2.20731412312 2.42687255759
32 31 4.823677375021335e-09 4.0845960700505673e-07 2.20731412312 2.34147531237
32 32 4.823677375021335e-09 4.084592868719517e-07 2.20731412312 2.2618892764
